0
1
1
2
3
5
6
8
11
14
18
22
26
32
39
47
56
66
78
92
107
124
144
166
191
219
250
284
323
365
412
464
521
584
652
728
810
900
998
1104
1220
1345
1480
1627
1784
1955
2138
2335
2546
2773
3015
3275
3552
3847
4162
4497
4853
5231
5632
6057
6507
6982
7484
8014
8572
9160
9777
10427
11108
11823
12572
13355
14175
15031
15924
16855
17825
18835
19885
20975
22107
23281
24496
25755
27056
28401
29789
31220
32695
34214
35776
37381
39029
40720
42452
44226
46042
47897
49791
51724
53695
55701
57743
59818
61925
64064
66231
68426
70646
72889
75155
77439
79741
82058
84388
86728
89075
91427
93782
96136
98488
100833
103169
105494
107804
110096
112368
114616
116837
119028
121187
123310
125394
127436
129434
131384
133284
135131
136922
138655
140327
141936
143479
144955
146360
147694
148954
150139
151247
152277
153227
154096
154884
155589
156212
156751
157207
157579
157868
158074
158197
158239
158199
158080
157882
157607
157257
156833
156338
155774
155142
154446
153688
152872
151999
151074
150099
149077
148013
146910
145772
144602
143403
142181
140939
139680
138409
137131
135848
134565
133286
132015
130756
129513
128289
127088
125914
124771
123661
122588
121556
120566
119623
118728
117884
117094
116360
115683
115066
114509
114015
113583
113217
112915
112678
112507
112401
112361
112385
112474
112626
112840
113114
113448
113840
114286
114787
115338
115938
116584
117274
118003
118770
119571
120403
121262
122145
123048
123968
124901
125844
126793
127744
128693
129637
130573
131496
132404
133292
134158
134998
135810
136590
137335
138043
138712
139338
139921
140457
140945
141384
141771
142107
142390
142619
142793
142914
142979
142990
142947
142851
142701
142500
142248
141948
141599
141206
140768
140289
139770
139215
138625
138004
137354
136678
135980
135261
134527
133779
133022
132257
131490
130722
129958
129200
128451
127716
126997
126296
125617
124963
124336
123739
123174
122644
122150
121695
121279
120906
120576
120290
120049
119854
119706
119605
119551
119544
119584
119670
119802
119978
120198
120461
120764
121107
121487
121903
122353
122834
123344
123881
124441
125023
125623
126239
126868
127506
128151
128800
129450
130098
130741
131376
132000
132610
133204
133779
134333
134863
135366
135841
136286
136698
137076
137418
137724
137991
138219
138407
138555
138661
138726
138749
138730
138671
138571
138431
138252
138035
137782
137493
137170
136815
136430
136017
135578
135115
134630
134126
133606
133071
132525
131971
131410
130845
130281
129718
129160
128609
128068
127540
127027
126532
126056
125602
125171
124767
124391
124044
123728
123444
123194
122978
122798
122654
122546
122476
122443
122446
122487
122565
122678
122826
123009
123225
123473
123752
124060
124396
124757
125142
125549
125975
126419
126879
127351
127833
128324
128820
129320
129820
130318
130812
131299
131776
132242
132695
133132
133550
133949
134325
134678
135005
135306
135578
135821
136033
136214
136362
136478
136560
136609
136624
136605
136553
136468
136351
136202
136023
135813
135576
135311
135020
134705
134368
134010
133633
133240
132832
132412
131981
131541
131097
130648
130198
129749
129304
128863
128431
128009
127598
127202
126822
126459
126116
125795
125496
125222
124974
124752
124558
124392
124257
124151
124075
124031
124017
124033
124081
124158
124265
124401
124565
124756
124974
125216
125481
125768
126076
126403
126746
127105
127476
127859
128251
128651
129055
129462
129869
130276
130678
131075
131465
131845
132213
132568
132907
133230
133534
133817
134080
134319
134535
134725
134889
135027
135138
135221
135276
135302
135301
135271
135213
135128
135016
134878
134714
134526
134314
134081
133826
133552
133261
132953
132630
132295
131949
131594
131231
130863
130492
130120
129748
129379
129015
128657
128308
127969
127642
127328
127030
126749
126486
126243
126020
125820
125642
125488
125359
125255
125177
125124
125098
125098
125124
125176
125253
125356
125483
125633
125806
126001
126217
126452
126705
126975
127260
127558
127869
128189
128518
128854
129194
129538
129882
130226
130568
130905
131236
131558
131872
132173
132462
132737
132995
133237
133460
133663
133846
134008
134147
134263
134355
134424
134468
134488
134484
134455
134402
134326
134226
134103
133959
133794
133609
133404
133182
132944
132690
132423
132143
131853
131553
131246
130933
130617
130298
129978
129660
129345
129034
128730
128433
128146
127871
127608
127359
127125
126908
126708
126527
126365
126224
126104
126006
125930
125877
125846
125838
125853
125890
125951
126033
126136
126260
126404
126568
126750
126949
127164
127394
127637
127892
128159
128434
128717
129006
129299
129596
129893
130190
130485
130775
131061
131340
131610
131870
132119
132356
132578
132785
132976
133150
133306
133443
133560
133656
133732
133787
133821
133833
133823
133792
133740
133667
133574
133461
133329
133179
133012
132828
132628
132415
132188
131950
131702
131444
131180
130909
130634
130355
130076
129797
129519
129245
128976
128713
128458
128212
127977
127753
127542
127346
127165
127000
126853
126723
126612
126519
126447
126394
126362
126350
126358
126387
126436
126505
126593
126699
126824
126966
127124
127299
127487
127690
127905
128130
128366
128610
128862
129119
129380
129644
129909
130175
130438
130698
130954
131204
131446
131679
131903
132115
132314
132500
132672
132828
132968
133090
133195
133282
133349
133398
133428
133437
133428
133399
133352
133285
133200
